[detector-f1]
method = earth_normal
latitude = 0.7120943348136864
longitude = -1.9861846887695471
yangle = 2.0943951023931953

[detector-f2]
method = earth_normal
latitude = -0.5497787143782138
longitude = -2.0594885173533086
yangle = 2.5830872929516078
